- name: Runway
  latitude: 37.7768520
  longitude: -122.4155500
  radius: 250
  icon: mdi:desktop-mac
